A
00001100
00010010
00100001
01111111
01000001
01000001
01000001
B
01111111
01000001
01000001
01011111
01000001
01000001
01111111
C
01111111
01000000
01000000
01000000
01000000
01000000
01111111
D
01111100
01000010
01000001
01000001
01000001
01000010
01111100
E
01111111
01000000
01000000
01111111
01000000
01000000
01111111
F
01111111
01000000
01000000
01111111
01000000
01000000
01000000
G
01111111
01000000
01000000
01011111
01000001
01000001
01111111
H
01000001
01000001
01000001
01111111
01000001
01000001
01000001
I
01111111
00001000
00001000
00001000
00001000
00001000
01111111
J
01111111
00000100
00000100
00000100
00000100
00001000
01110000
K
01000001
01000010
01001100
01110000
01001100
01000010
01000001
L
01000000
01000000
01000000
01000000
01000000
01000000
01111111
M
01100011
01010101
01001001
01000001
01000001
01000001
01000001
N
01000001
01100001
01010001
01001001
01000101
01000011
01000001
O
00011100
00100010
01000001
01000001
01000001
00100010
00011100
P
01111111
01000001
01000001
01111111
01000000
01000000
01000000
Q
00111100
01000010
01000010
01000010
01000010
01000010
00111101
R
01111111
01000001
01000001
01111111
01011000
01001100
01000011
S
01111111
01000000
01000000
01111111
00000001
00000001
01111111
T
01111111
00001000
00001000
00001000
00001000
00001000
00001000
U
01000001
01000001
01000001
01000001
01000001
01000001
01111111
V
01000001
01000001
00100010
00100010
00010100
00010100
00001000
W
01000001
01000001
01000001
01000001
01001001
01010101
01100011
X
01000001
00100010
00010100
00001000
00010100
00100010
01000001
Y
00100010
00010100
00001000
00001000
00001000
00001000
00001000
Z
01111111
00000010
00000100
00001000
00010000
00100000
01111111